0  0  1.6598  0  0.23698  2.4525  0  1  
0  0.11849  0.43355  0  0.23698  -2.4525  0  1.07491  
0.5  0.23698  -3.2452  0  0.23698  -7.3575  0  2.55053  
1  0.35547  733.497  0  0.23698  1473.48  0  66665.7  
1.5  0.47396  1467.79  0  0.23698  1468.58  0  132122  
2  0.59245  2199.62  0  0.23698  1463.67  0  196694  
2.5  0.71094  2929.01  0  0.23698  1458.77  0  260385  
3  -8.97679  3655.94  0  -19.3755  1453.86  0  323210  
3.5  1894.29  4380.42  0  3806.54  1448.96  0  832971  
4  -400411  5102.45  0  -804611  1444.05  0  2.00094e+10  
4.5  8.46679e+07  5822.02  0  1.70137e+08  1439.15  0  8.94641e+14  
5  -1.79032e+10  6539.15  0  -3.59758e+10  1434.24  0  4.00013e+19  
5.5  3.78568e+12  7253.82  0  7.60717e+12  1429.34  0  1.78854e+24  
6  -8.00491e+14  7966.03  0  -1.60855e+15  1424.43  0  7.99695e+28  
6.5  1.69266e+17  8675.8  0  3.40133e+17  1419.53  0  3.57561e+33  
7  -3.57917e+19  9383.11  0  -7.19218e+19  1414.62  0  1.59873e+38  
7.5  7.56823e+21  10088  0  1.5208e+22  1409.72  0  7.14826e+42  
8  -1.60032e+24  10790.4  0  -3.21578e+24  1404.81  0  3.19614e+47  
8.5  3.38392e+26  11490.3  0  6.79984e+26  1399.91  0  1.42906e+52  
9  -7.15537e+28  12187.8  0  -1.43784e+29  1395  0  6.38964e+56  
9.5  1.51302e+31  12882.9  0  3.04035e+31  1390.1  0  2.85694e+61  
10  -3.19932e+33  13575.5  0  -6.4289e+33  1385.19  0  1.2774e+66  
10.5  6.76504e+35  14265.6  0  1.35941e+36  1380.29  0  5.71152e+70  
11  -1.43048e+38  14953.3  0  -2.8745e+38  1375.38  0  2.55374e+75  
11.5  3.02479e+40  15638.6  0  6.07819e+40  1370.48  0  1.14183e+80  
12  -6.39599e+42  16321.3  0  -1.28525e+43  1365.57  0  5.10538e+84  
12.5  1.35245e+45  17001.7  0  2.71769e+45  1360.67  0  2.28272e+89  
13  -2.85978e+47  17679.6  0  -5.74662e+47  1355.76  0  1.02065e+94  
13.5  6.04708e+49  18355  0  1.21514e+50  1350.86  0  4.56356e+98  
14  -1.27867e+52  19028  0  -2.56943e+52  1345.95  0  2.04046e+103  
14.5  2.70378e+54  19698.5  0  5.43313e+54  1341.05  0  9.12334e+107  
15  -5.71721e+56  20366.6  0  -1.14885e+57  1336.14  0  4.07924e+112  
15.5  1.20892e+59  21032.2  0  2.42927e+59  1331.24  0  1.82391e+117  
16  -2.55628e+61  21695.4  0  -5.13675e+61  1326.33  0  8.15511e+121  
16.5  5.40532e+63  22356.1  0  1.08618e+64  1321.43  0  3.64632e+126  
17  -1.14297e+66  23014.3  0  -2.29675e+66  1316.52  0  1.63035e+131  
17.5  2.41683e+68  23670.1  0  4.85653e+68  1311.62  0  7.28963e+135  
18  -5.11046e+70  24323.5  0  -1.02692e+71  1306.71  0  3.25935e+140  
18.5  1.08062e+73  24974.4  0  2.17146e+73  1301.81  0  1.45732e+145  
19  -2.28499e+75  25622.9  0  -4.5916e+75  1296.9  0  6.516e+149  
19.5  4.83167e+77  26268.9  0  9.70905e+77  1292  0  2.91344e+154  
