0  0  1.6598  0  0.23698  4.905  0  1  
0  0.23698  -3.2452  0  0.23698  -4.905  0  1.70035  
1  0.47396  2953.53  0  0.23698  2956.78  0  267464  
2  0.71094  5900.5  0  0.23698  2946.97  0  531047  
3  -38.277  8837.66  0  -38.9879  2937.16  0  791129  
4  32591.9  11765  0  32630.2  2927.35  0  3.38377e+07  
5  -2.77621e+07  14682.6  0  -2.77947e+07  2917.54  0  2.37919e+13  
6  2.36485e+10  17590.3  0  2.36763e+10  2907.73  0  1.72636e+19  
7  -2.01445e+13  20488.2  0  -2.01681e+13  2897.92  0  1.25266e+25  
8  1.71596e+16  23376.3  0  1.71797e+16  2888.11  0  9.08946e+30  
9  -1.4617e+19  26254.6  0  -1.46342e+19  2878.3  0  6.5954e+36  
10  1.24512e+22  29123.1  0  1.24658e+22  2868.49  0  4.78569e+42  
11  -1.06062e+25  31981.8  0  -1.06187e+25  2858.68  0  3.47254e+48  
12  9.03469e+27  34830.6  0  9.0453e+27  2848.87  0  2.51971e+54  
13  -7.696e+30  37669.7  0  -7.70503e+30  2839.06  0  1.82833e+60  
14  6.55566e+33  40499  0  6.56336e+33  2829.25  0  1.32665e+66  
15  -5.58429e+36  43318.4  0  -5.59085e+36  2819.44  0  9.62632e+71  
16  4.75685e+39  46128  0  4.76244e+39  2809.63  0  6.98495e+77  
17  -4.05202e+42  48927.8  0  -4.05677e+42  2799.82  0  5.06835e+83  
18  3.45162e+45  51717.8  0  3.45567e+45  2790.01  0  3.67765e+89  
19  -2.94018e+48  54498  0  -2.94364e+48  2780.2  0  2.66854e+95  
