0  0  1.6598  0  0.23698  0.4905  0  1  
0  0.023698  1.61075  0  0.23698  -0.4905  0  1.963  
0.1  0.047396  1.4636  0  0.23698  -1.4715  0  2.77798  
0.2  0.071094  1.21835  0  0.23698  -2.4525  0  3.32654  
0.3  0.094792  0.875  0  0.23698  -3.4335  0  3.49026  
0.4  0.11849  0.43355  0  0.23698  -4.4145  0  3.15073  
0.5  0.142188  -0.106  0  0.23698  -5.3955  0  2.18954  
0.6  0.165886  2.16791  0  0.23698  22.7391  0  16.3603  
0.7  0.189584  4.34371  0  0.23698  21.7581  0  28.3029  
0.8  0.213282  6.42142  0  0.23698  20.7771  0  37.7081  
0.9  0.23698  8.40102  0  0.23698  19.7961  0  44.6942  
1  0.260678  10.2825  0  0.23698  18.8151  0  49.3796  
1.1  0.284376  12.0659  0  0.23698  17.8341  0  51.8828  
1.2  0.308074  13.7512  0  0.23698  16.8531  0  52.3221  
1.3  0.331772  15.3384  0  0.23698  15.8721  0  50.816  
1.4  0.35547  16.8275  0  0.23698  14.8911  0  47.4829  
1.5  0.379168  18.2186  0  0.23698  13.9101  0  42.4412  
1.6  0.402866  19.5115  0  0.23698  12.9291  0  35.8093  
1.7  0.426564  20.7063  0  0.23698  11.9481  0  27.7055  
1.8  0.450262  21.803  0  0.23698  10.9671  0  18.2484  
1.9  0.47396  22.8016  0  0.23698  9.98605  0  7.55638  
2  0.497658  23.7021  0  0.23698  9.00505  0  4.25224  
2.1  0.521356  24.5045  0  0.23698  8.02405  0  17.059  
2.2  0.545054  25.2088  0  0.23698  7.04305  0  30.7455  
2.3  0.568752  25.815  0  0.23698  6.06205  0  45.1933  
2.4  0.59245  26.3231  0  0.23698  5.08105  0  60.284  
2.5  0.616148  26.7331  0  0.23698  4.10005  0  75.8992  
2.6  0.639846  27.045  0  0.23698  3.11905  0  91.9205  
2.7  0.663544  27.2588  0  0.23698  2.13805  0  108.23  
2.8  0.687242  27.3745  0  0.23698  1.15705  0  124.708  
2.9  0.521031  27.3921  0  -1.66211  0.176053  0  141.141  
3  0.354821  27.3116  0  -1.66211  -0.804947  0  157.519  
3.1  0.18861  27.133  0  -1.66211  -1.78595  0  173.711  
3.2  0.0223998  26.8563  0  -1.66211  -2.76695  0  189.599  
3.3  -0.143811  26.4815  0  -1.66211  -3.74795  0  205.064  
3.4  0.789801  26.0087  0  9.33612  -4.72895  0  216.956  
3.5  0.657823  25.4377  0  -1.31978  -5.70995  0  230.843  
3.6  0.525845  24.7686  0  -1.31978  -6.69095  0  244.361  
3.7  0.393867  24.0014  0  -1.31978  -7.67195  0  256.982  
3.8  0.261889  23.1361  0  -1.31978  -8.65295  0  268.588  
3.9  0.129911  22.1727  0  -1.31978  -9.63395  0  279.061  
4  -0.00206691  21.1112  0  -1.31978  -10.6149  0  288.283  
4.1  -0.134045  19.9516  0  -1.31978  -11.5959  0  296.134  
4.2  0.750417  18.6939  0  8.84462  -12.5769  0  299.772  
4.3  0.905565  17.3381  0  1.55148  -13.5579  0  304.316  
4.4  -0.993299  15.8842  0  -18.9886  -14.5389  0  294.789  
4.5  5.46083  14.3322  0  64.5413  -15.5199  0  142.757  
4.6  -29.0332  12.6821  0  -344.94  -16.5009  0  4122.06  
4.7  184.239  10.9339  0  2132.72  -17.4819  0  166155  
4.8  -1169.89  9.08763  0  -13541.3  -18.4629  0  6.69173e+06  
4.9  7464.73  7.14323  0  86346.2  -19.4439  0  2.71978e+08  
5  -47631  5.10074  0  -550957  -20.4249  0  1.10727e+10  
5.1  303960  2.96014  0  3.51591e+06  -21.4059  0  4.50909e+11  
5.2  -1.93974e+06  0.72145  0  -2.2437e+07  -22.3869  0  1.8363e+13  
5.3  1.23786e+07  -1.61534  0  1.43184e+08  -23.3679  0  7.47824e+14  
5.4  -7.89952e+07  11.7485  0  -9.13738e+08  133.639  0  3.10855e+16  
5.5  5.04114e+08  25.0143  0  5.83109e+09  132.658  0  1.24089e+18  
5.6  -3.21705e+09  38.182  0  -3.72116e+10  131.677  0  5.05098e+19  
5.7  2.05299e+10  51.2516  0  2.37469e+11  130.696  0  2.05697e+21  
5.8  -1.31013e+11  64.223  0  -1.51543e+12  129.715  0  8.37692e+22  
5.9  8.36071e+11  77.0964  0  9.67084e+12  128.734  0  3.41147e+24  
6  -5.33546e+12  89.8717  0  -6.17153e+13  127.753  0  1.38931e+26  
6.1  3.40487e+13  102.549  0  3.93841e+14  126.772  0  5.6579e+27  
6.2  -2.17284e+14  115.128  0  -2.51333e+15  125.791  0  2.30416e+29  
6.3  1.38662e+15  127.609  0  1.6039e+16  124.81  0  9.38361e+30  
6.4  -8.84883e+15  139.992  0  -1.02354e+17  123.829  0  3.82144e+32  
6.5  5.64695e+16  152.277  0  6.53184e+17  122.848  0  1.55627e+34  
6.6  -3.60365e+17  164.463  0  -4.16835e+18  121.867  0  6.33783e+35  
6.7  2.2997e+18  176.552  0  2.66007e+19  120.886  0  2.58106e+37  
6.8  -1.46757e+19  188.542  0  -1.69754e+20  119.905  0  1.05113e+39  
6.9  9.36544e+19  200.435  0  1.0833e+21  118.924  0  4.28067e+40  
7  -5.97664e+20  212.229  0  -6.91318e+21  117.943  0  1.74329e+42  
7.1  3.81404e+21  223.925  0  4.41171e+22  116.962  0  7.09947e+43  
7.2  -2.43396e+22  235.523  0  -2.81537e+23  115.981  0  2.89123e+45  
7.3  1.55325e+23  247.023  0  1.79665e+24  115  0  1.17744e+47  
7.4  -9.91222e+23  258.425  0  -1.14655e+25  114.019  0  4.7951e+48  
7.5  6.32557e+24  269.729  0  7.31679e+25  113.038  0  1.95278e+50  
7.6  -4.03671e+25  280.934  0  -4.66927e+26  112.057  0  7.95264e+51  
7.7  2.57606e+26  292.042  0  2.97973e+27  111.076  0  3.23868e+53  
7.8  -1.64394e+27  303.052  0  -1.90154e+28  110.095  0  1.31894e+55  
7.9  1.04909e+28  313.963  0  1.21349e+29  109.114  0  5.37134e+56  
8  -6.69487e+28  324.776  0  -7.74396e+29  108.133  0  2.18746e+58  
8.1  4.27239e+29  335.491  0  4.94187e+30  107.152  0  8.90834e+59  
8.2  -2.72646e+30  346.108  0  -3.1537e+31  106.171  0  3.62789e+61  
8.3  1.73991e+31  356.627  0  2.01256e+32  105.19  0  1.47744e+63  
8.4  -1.11034e+32  367.048  0  -1.28433e+33  104.209  0  6.01683e+64  
8.5  7.08573e+32  377.371  0  8.19607e+33  103.228  0  2.45033e+66  
8.6  -4.52182e+33  387.596  0  -5.23039e+34  102.247  0  9.97888e+67  
8.7  2.88564e+34  397.722  0  3.33782e+35  101.266  0  4.06386e+69  
8.8  -1.84149e+35  407.751  0  -2.13006e+36  100.285  0  1.65499e+71  
8.9  1.17517e+36  417.681  0  1.35931e+37  99.3037  0  6.73989e+72  
9  -7.49941e+36  427.513  0  -8.67458e+37  98.3227  0  2.7448e+74  
9.1  4.78581e+37  437.248  0  5.53576e+38  97.3417  0  1.11781e+76  
9.2  -3.05411e+38  446.884  0  -3.53269e+39  96.3607  0  4.55223e+77  
9.3  1.949e+39  456.422  0  2.25442e+40  95.3797  0  1.85388e+79  
9.4  -1.24377e+40  465.862  0  -1.43867e+41  94.3987  0  7.54985e+80  
9.5  7.93725e+40  475.203  0  9.18102e+41  93.4177  0  3.07465e+82  
9.6  -5.06522e+41  484.447  0  -5.85895e+42  92.4367  0  1.25214e+84  
9.7  3.23241e+42  493.593  0  3.73894e+43  91.4557  0  5.09929e+85  
9.8  -2.06279e+43  502.64  0  -2.38603e+44  90.4747  0  2.07667e+87  
9.9  1.31639e+44  511.589  0  1.52267e+45  89.4937  0  8.45714e+88  
10  -8.40064e+44  520.441  0  -9.71703e+45  88.5127  0  3.44414e+90  
10.1  5.36094e+45  529.194  0  6.20101e+46  87.5317  0  1.40261e+92  
10.2  -3.42113e+46  537.849  0  -3.95723e+47  86.5507  0  5.71209e+93  
10.3  2.18322e+47  546.406  0  2.52534e+48  85.5697  0  2.32623e+95  
10.4  -1.39324e+48  554.865  0  -1.61156e+49  84.5887  0  9.47346e+96  
10.5  8.8911e+48  563.226  0  1.02843e+50  83.6077  0  3.85803e+98  
10.6  -5.67393e+49  571.488  0  -6.56304e+50  82.6267  0  1.57117e+100  
10.7  3.62086e+50  579.653  0  4.18826e+51  81.6457  0  6.39853e+101  
10.8  -2.31069e+51  587.719  0  -2.67277e+52  80.6647  0  2.60578e+103  
10.9  1.47458e+52  595.688  0  1.70565e+53  79.6837  0  1.06119e+105  
11  -9.41018e+52  603.558  0  -1.08848e+54  78.7027  0  4.32166e+106  
11.1  6.00519e+53  611.33  0  6.9462e+54  77.7217  0  1.75998e+108  
11.2  -3.83226e+54  619.004  0  -4.43278e+55  76.7407  0  7.16746e+109  
11.3  2.44559e+55  626.58  0  2.82881e+56  75.7597  0  2.91892e+111  
11.4  -1.56067e+56  634.058  0  -1.80523e+57  74.7787  0  1.18872e+113  
11.5  9.95957e+56  641.438  0  1.15202e+58  73.7977  0  4.84101e+114  
11.6  -6.35578e+57  648.719  0  -7.35174e+58  72.8167  0  1.97148e+116  
11.7  4.056e+58  655.903  0  4.69157e+59  71.8357  0  8.0288e+117  
11.8  -2.58837e+59  662.988  0  -2.99397e+60  70.8547  0  3.2697e+119  
11.9  1.65179e+60  669.976  0  1.91063e+61  69.8737  0  1.33157e+121  
12  -1.0541e+61  676.865  0  -1.21928e+62  68.8927  0  5.42278e+122  
12.1  6.72685e+61  683.656  0  7.78095e+62  67.9117  0  2.2084e+124  
12.2  -4.2928e+62  690.349  0  -4.96548e+63  66.9307  0  8.99364e+125  
12.3  2.73948e+63  696.944  0  3.16876e+64  65.9497  0  3.66263e+127  
12.4  -1.74822e+64  703.441  0  -2.02217e+65  64.9687  0  1.49159e+129  
12.5  1.11564e+65  709.84  0  1.29047e+66  63.9877  0  6.07445e+130  
12.6  -7.11958e+65  716.141  0  -8.23522e+66  63.0067  0  2.4738e+132  
12.7  4.54342e+66  722.343  0  5.25538e+67  62.0257  0  1.00744e+134  
12.8  -2.89942e+67  728.448  0  -3.35376e+68  61.0447  0  4.10278e+135  
12.9  1.85029e+68  734.454  0  2.14023e+69  60.0637  0  1.67084e+137  
13  -1.18078e+69  740.362  0  -1.36581e+70  59.0827  0  6.80444e+138  
13.1  7.53524e+69  746.173  0  8.71602e+70  58.1017  0  2.77108e+140  
13.2  -4.80868e+70  751.885  0  -5.5622e+71  57.1207  0  1.12851e+142  
13.3  3.0687e+71  757.499  0  3.54956e+72  56.1397  0  4.59582e+143  
13.4  -1.95831e+72  763.014  0  -2.26518e+73  55.1587  0  1.87163e+145  
13.5  1.24972e+73  768.432  0  1.44555e+74  54.1777  0  7.62215e+146  
13.6  -7.97516e+73  773.752  0  -9.22488e+74  53.1967  0  3.10409e+148  
13.7  5.08942e+74  778.974  0  5.88693e+75  52.2157  0  1.26413e+150  
13.8  -3.24785e+75  784.097  0  -3.7568e+76  51.2347  0  5.14812e+151  
13.9  2.07265e+76  789.122  0  2.39743e+77  50.2537  0  2.09655e+153  
14  -1.32268e+77  794.05  0  -1.52994e+78  49.2727  0  8.53813e+154  
14.1  8.44077e+77  798.879  0  9.76345e+78  48.2917  0  3.47712e+156  
14.2  -5.38655e+78  803.61  0  -6.23063e+79  47.3107  0  1.41604e+158  
14.3  3.43747e+79  808.243  0  3.97613e+80  46.3297  0  5.76678e+159  
14.4  -2.19365e+80  812.778  0  -2.5374e+81  45.3487  0  2.3485e+161  
14.5  1.3999e+81  817.215  0  1.61926e+82  44.3677  0  9.56418e+162  
14.6  -8.93356e+81  821.553  0  -1.03335e+83  43.3867  0  3.89498e+164  
14.7  5.70103e+82  825.794  0  6.59439e+83  42.4057  0  1.58621e+166  
14.8  -3.63816e+83  829.936  0  -4.20826e+84  41.4247  0  6.4598e+167  
14.9  2.32172e+84  833.981  0  2.68554e+85  40.4437  0  2.63073e+169  
15  -1.48163e+85  837.927  0  -1.7138e+86  39.4627  0  1.07135e+171  
15.1  9.45513e+85  841.775  0  1.09368e+87  38.4817  0  4.36305e+172  
15.2  -6.03387e+86  845.525  0  -6.97938e+87  37.5007  0  1.77684e+174  
15.3  3.85056e+87  849.177  0  4.45395e+88  36.5197  0  7.23609e+175  
15.4  -2.45727e+88  852.731  0  -2.84233e+89  35.5387  0  2.94687e+177  
15.5  1.56813e+89  856.187  0  1.81386e+90  34.5577  0  1.2001e+179  
15.6  -1.00071e+90  859.544  0  -1.15753e+91  33.5767  0  4.88737e+180  
15.7  6.38614e+90  862.804  0  7.38686e+91  32.5957  0  1.99036e+182  
15.8  -4.07537e+91  865.965  0  -4.71398e+92  31.6147  0  8.10568e+183  
15.9  2.60073e+92  869.029  0  3.00827e+93  30.6337  0  3.30101e+185  
16  -1.65968e+93  871.994  0  -1.91975e+94  29.6527  0  1.34432e+187  
16.1  1.05914e+94  874.861  0  1.22511e+95  28.6717  0  5.4747e+188  
16.2  -6.75898e+94  877.63  0  -7.81812e+95  27.6907  0  2.22955e+190  
16.3  4.3133e+95  880.301  0  4.9892e+96  26.7097  0  9.07977e+191  
16.4  -2.75257e+96  882.874  0  -3.1839e+97  25.7287  0  3.6977e+193  
16.5  1.75658e+97  885.349  0  2.03183e+98  24.7477  0  1.50587e+195  
16.6  -1.12097e+98  887.726  0  -1.29663e+99  23.7667  0  6.13262e+196  
16.7  7.15359e+98  890.004  0  8.27456e+99  22.7857  0  2.49749e+198  
16.8  -4.56512e+99  892.185  0  -5.28048e+100  21.8047  0  1.01709e+200  
16.9  2.91327e+100  894.267  0  3.36978e+101  20.8237  0  4.14207e+201  
17  -1.85913e+101  896.251  0  -2.15046e+102  19.8427  0  1.68684e+203  
17.1  1.18642e+102  898.138  0  1.37233e+103  18.8617  0  6.8696e+204  
17.2  -7.57123e+102  899.926  0  -8.75765e+103  17.8807  0  2.79762e+206  
17.3  4.83164e+103  901.616  0  5.58877e+104  16.8997  0  1.13932e+208  
17.4  -3.08335e+104  903.207  0  -3.56652e+105  15.9187  0  4.63983e+209  
17.5  1.96767e+105  904.701  0  2.276e+106  14.9377  0  1.88955e+211  
17.6  -1.25568e+106  906.097  0  -1.45245e+107  13.9567  0  7.69514e+212  
17.7  8.01326e+106  907.394  0  9.26894e+107  12.9757  0  3.13382e+214  
17.8  -5.11373e+107  908.594  0  -5.91505e+108  11.9947  0  1.27623e+216  
17.9  3.26337e+108  909.695  0  3.77474e+109  11.0137  0  5.19742e+217  
18  -2.08255e+109  910.699  0  -2.40888e+110  10.0327  0  2.11663e+219  
18.1  1.32899e+110  911.604  0  1.53725e+111  9.05174  0  8.61989e+220  
18.2  -8.48109e+110  912.411  0  -9.81008e+111  8.07074  0  3.51042e+222  
18.3  5.41228e+111  913.12  0  6.26039e+112  7.08974  0  1.4296e+224  
18.4  -3.45389e+112  913.731  0  -3.99512e+113  6.10874  0  5.82201e+225  
18.5  2.20413e+113  914.243  0  2.54952e+114  5.12774  0  2.37099e+227  
18.6  -1.40658e+114  914.658  0  -1.627e+115  4.14674  0  9.65577e+228  
18.7  8.97624e+114  914.975  0  1.03828e+116  3.16574  0  3.93228e+230  
18.8  -5.72826e+115  915.193  0  -6.62589e+116  2.18474  0  1.6014e+232  
18.9  3.65554e+116  915.314  0  4.22836e+117  1.20374  0  6.52166e+233  
19  -2.33281e+117  915.336  0  -2.69837e+118  0.222745  0  2.65592e+235  
19.1  1.4887e+118  915.26  0  1.72199e+119  -0.758255  0  1.08161e+237  
19.2  -9.50029e+118  915.086  0  -1.0989e+120  -1.73926  0  4.40483e+238  
19.3  6.06269e+119  914.814  0  7.01272e+120  -2.72026  0  1.79385e+240  
19.4  -3.86896e+120  914.444  0  -4.47523e+121  -3.70126  0  7.30539e+241  
19.5  2.46901e+121  913.976  0  2.8559e+122  -4.68226  0  2.97509e+243  
19.6  -1.57562e+122  913.409  0  -1.82252e+123  -5.66326  0  1.21159e+245  
19.7  1.00549e+123  912.745  0  1.16306e+124  -6.64426  0  4.93417e+246  
19.8  -6.41665e+123  911.982  0  -7.42214e+124  -7.62526  0  2.00942e+248  
19.9  4.09484e+124  911.122  0  4.7365e+125  -8.60626  0  8.1833e+249  
