0  0  1.6598  0  0.23698  0.24525  0  1  
0  0.011849  1.64754  0  0.23698  -0.24525  0  1.99075  
0.05  0.023698  1.61075  0  0.23698  -0.73575  0  2.94449  
0.1  0.035547  1.54944  0  0.23698  -1.22625  0  3.83163  
0.15  0.047396  1.4636  0  0.23698  -1.71675  0  4.62256  
0.2  0.059245  1.35324  0  0.23698  -2.20725  0  5.28768  
0.25  0.071094  1.21835  0  0.23698  -2.69775  0  5.79739  
0.3  0.082943  1.05894  0  0.23698  -3.18825  0  6.12207  
0.35  0.094792  0.875  0  0.23698  -3.67875  0  6.23214  
0.4  0.106641  0.666537  0  0.23698  -4.16925  0  6.09798  
0.45  0.11849  0.43355  0  0.23698  -4.65975  0  5.69  
0.5  0.130339  0.176037  0  0.23698  -5.15025  0  4.97858  
0.55  0.142188  0.0198597  0  0.23698  -3.12356  0  3.77976  
0.6  0.154037  0.298389  0  0.23698  5.57059  0  1.48607  
0.65  0.165886  0.552394  0  0.23698  5.08009  0  1.02388  
0.7  0.177735  0.781873  0  0.23698  4.58959  0  0.846076  
0.75  0.189584  0.986828  0  0.23698  4.09909  0  0.923066  
0.8  0.201433  1.16726  0  0.23698  3.60859  0  1.22524  
0.85  0.213282  1.32316  0  0.23698  3.11809  0  1.723  
0.9  0.225131  1.45454  0  0.23698  2.62759  0  2.38675  
0.95  0.23698  1.5614  0  0.23698  2.13709  0  3.18687  
1  0.248829  1.64373  0  0.23698  1.64659  0  4.09377  
1.05  0.260678  1.70153  0  0.23698  1.15609  0  5.07784  
1.1  0.272527  1.73481  0  0.23698  0.665591  0  6.10948  
1.15  0.284376  1.74356  0  0.23698  0.175091  0  7.15909  
1.2  0.296225  1.72779  0  0.23698  -0.315409  0  8.19707  
1.25  0.308074  1.6875  0  0.23698  -0.805909  0  9.19381  
1.3  0.319923  1.62268  0  0.23698  -1.29641  0  10.1197  
1.35  0.331772  1.53333  0  0.23698  -1.78691  0  10.9452  
1.4  0.343621  1.41946  0  0.23698  -2.27741  0  11.6406  
1.45  0.35547  1.28107  0  0.23698  -2.76791  0  12.1763  
1.5  0.367319  1.11815  0  0.23698  -3.25841  0  12.5228  
1.55  0.379168  0.930701  0  0.23698  -3.74891  0  12.6505  
1.6  0.391017  0.71873  0  0.23698  -4.23941  0  12.5297  
1.65  0.402866  0.482235  0  0.23698  -4.72991  0  12.1308  
1.7  0.414715  0.221215  0  0.23698  -5.22041  0  11.4243  
1.75  0.426564  -0.0349049  0  0.23698  -5.12239  0  9.74934  
1.8  0.438413  0.260582  0  0.23698  5.90974  0  6.1084  
1.85  0.450262  0.531544  0  0.23698  5.41924  0  5.52409  
1.9  0.462111  0.77798  0  0.23698  4.92874  0  5.24464  
1.95  0.47396  0.999892  0  0.23698  4.43824  0  5.24045  
2  0.485809  1.19728  0  0.23698  3.94774  0  5.48192  
2.05  0.497658  1.37014  0  0.23698  3.45724  0  5.93944  
2.1  0.509507  1.51848  0  0.23698  2.96674  0  6.58341  
2.15  0.521356  1.64229  0  0.23698  2.47624  0  7.38422  
2.2  0.533205  1.74158  0  0.23698  1.98574  0  8.31228  
2.25  0.545054  1.81634  0  0.23698  1.49524  0  9.33798  
2.3  0.556903  1.86657  0  0.23698  1.00474  0  10.4317  
2.35  0.568752  1.89229  0  0.23698  0.514236  0  11.5639  
2.4  0.580601  1.89347  0  0.23698  0.0237358  0  12.7049  
2.45  0.59245  1.87014  0  0.23698  -0.466764  0  13.8252  
2.5  0.604299  1.82227  0  0.23698  -0.957264  0  14.895  
2.55  0.616148  1.74988  0  0.23698  -1.44776  0  15.8849  
2.6  0.627997  1.65297  0  0.23698  -1.93826  0  16.7652  
2.65  0.639846  1.53153  0  0.23698  -2.42876  0  17.5064  
2.7  0.651695  1.38557  0  0.23698  -2.91926  0  18.0787  
2.75  0.663544  1.21508  0  0.23698  -3.40976  0  18.4527  
2.8  0.675393  1.02007  0  0.23698  -3.90026  0  18.5987  
2.85  0.665057  0.800529  0  -0.206712  -4.39076  0  18.4846  
2.9  0.654599  0.556466  0  -0.209162  -4.88126  0  18.0862  
2.95  0.644141  0.287878  0  -0.209162  -5.37176  0  17.371  
3  0.633683  -0.00523523  0  -0.209162  -5.86226  0  16.3093  
3.05  0.623225  0.189926  0  -0.209162  3.90322  0  13.3797  
3.1  0.612767  0.456776  0  -0.209162  5.337  0  12.2545  
3.15  0.602309  0.699101  0  -0.209162  4.8465  0  11.9526  
3.2  0.591851  0.916901  0  -0.209162  4.356  0  11.9209  
3.25  0.581392  1.11018  0  -0.209162  3.8655  0  12.13  
3.3  0.570934  1.27893  0  -0.209162  3.375  0  12.5501  
3.35  0.560476  1.42315  0  -0.209162  2.8845  0  13.1517  
3.4  0.550018  1.54285  0  -0.209162  2.394  0  13.9052  
3.45  0.53956  1.63803  0  -0.209162  1.9035  0  14.781  
3.5  0.529102  1.70868  0  -0.209162  1.413  0  15.7495  
3.55  0.518644  1.7548  0  -0.209162  0.922503  0  16.781  
3.6  0.508186  1.7764  0  -0.209162  0.432003  0  17.846  
3.65  0.497727  1.77348  0  -0.209162  -0.0584974  0  18.9149  
3.7  0.487269  1.74603  0  -0.209162  -0.548997  0  19.9581  
3.75  0.476811  1.69405  0  -0.209162  -1.0395  0  20.9459  
3.8  0.466353  1.61755  0  -0.209162  -1.53  0  21.8487  
3.85  0.455895  1.51653  0  -0.209162  -2.0205  0  22.6371  
3.9  0.445437  1.39098  0  -0.209162  -2.511  0  23.2813  
3.95  0.434979  1.2409  0  -0.209162  -3.0015  0  23.7517  
4  0.424521  1.0663  0  -0.209162  -3.492  0  24.0188  
4.05  0.414062  0.867178  0  -0.209162  -3.9825  0  24.053  
4.1  0.403604  0.643529  0  -0.209162  -4.473  0  23.8245  
4.15  0.393146  0.395354  0  -0.209162  -4.9635  0  23.304  
4.2  0.382688  0.122654  0  -0.209162  -5.454  0  22.4617  
4.25  0.37223  0.0652399  0  -0.209162  -1.14828  0  21.2113  
4.3  0.361772  0.345666  0  -0.209162  5.60852  0  19.6521  
4.35  0.351314  0.601567  0  -0.209162  5.11802  0  19.2081  
4.4  0.340856  0.832943  0  -0.209162  4.62752  0  19.0508  
4.45  0.330397  1.03979  0  -0.209162  4.13702  0  19.1505  
4.5  0.319939  1.22212  0  -0.209162  3.64652  0  19.4777  
4.55  0.309481  1.37992  0  -0.209162  3.15602  0  20.0028  
4.6  0.299023  1.5132  0  -0.209162  2.66552  0  20.6961  
4.65  0.288565  1.62195  0  -0.209162  2.17502  0  21.5281  
4.7  0.278107  1.70618  0  -0.209162  1.68452  0  22.4692  
4.75  0.267649  1.76588  0  -0.209162  1.19402  0  23.4898  
4.8  0.257191  1.80105  0  -0.209162  0.703523  0  24.5602  
4.85  0.246732  1.8117  0  -0.209162  0.213023  0  25.6508  
4.9  0.236274  1.79783  0  -0.209162  -0.277477  0  26.7322  
4.95  0.225816  1.75943  0  -0.209162  -0.767977  0  27.7745  
5  0.215358  1.69651  0  -0.209162  -1.25848  0  28.7483  
5.05  0.2049  1.60906  0  -0.209162  -1.74898  0  29.624  
5.1  0.194442  1.49708  0  -0.209162  -2.23948  0  30.3719  
5.15  0.183984  1.36059  0  -0.209162  -2.72998  0  30.9625  
5.2  0.173526  1.19956  0  -0.209162  -3.22048  0  31.366  
5.25  0.163067  1.01401  0  -0.209162  -3.71098  0  31.5531  
5.3  0.152609  0.803939  0  -0.209162  -4.20148  0  31.4939  
5.35  0.142151  0.56934  0  -0.209162  -4.69198  0  31.159  
5.4  0.131693  0.310216  0  -0.209162  -5.18248  0  30.5187  
5.45  0.121235  0.0265671  0  -0.209162  -5.67298  0  29.5434  
5.5  0.110777  0.163308  0  -0.209162  2.73482  0  27.2782  
5.55  0.100319  0.428556  0  -0.209162  5.30495  0  26.3035  
5.6  0.0898606  0.669278  0  -0.209162  4.81445  0  25.993  
5.65  0.0794024  0.885475  0  -0.209162  4.32395  0  25.951  
5.7  0.0689443  1.07715  0  -0.209162  3.83345  0  26.1477  
5.75  0.0584862  1.2443  0  -0.209162  3.34295  0  26.5535  
5.8  0.0480281  1.38692  0  -0.209162  2.85245  0  27.1389  
5.85  0.0375699  1.50502  0  -0.209162  2.36195  0  27.8743  
5.9  0.0271118  1.59859  0  -0.209162  1.87145  0  28.73  
5.95  0.0166537  1.66764  0  -0.209162  1.38095  0  29.6765  
6  0.00619557  1.71216  0  -0.209162  0.890449  0  30.684  
6.05  -0.00426256  1.73215  0  -0.209162  0.399949  0  31.7232  
6.1  -0.0147207  1.72763  0  -0.209162  -0.0905513  0  32.7642  
6.15  -0.0251788  1.69857  0  -0.209162  -0.581051  0  33.7776  
6.2  -0.0139095  1.645  0  0.225385  -1.07155  0  34.7308  
6.25  -0.00264028  1.56689  0  0.225385  -1.56205  0  35.5999  
6.3  0.00862898  1.46427  0  0.225385  -2.05255  0  36.3524  
6.35  0.0198982  1.33711  0  0.225385  -2.54305  0  36.9589  
6.4  0.0311675  1.18544  0  0.225385  -3.03355  0  37.3897  
6.45  0.0424368  1.00923  0  0.225385  -3.52405  0  37.6152  
6.5  0.053706  0.808507  0  0.225385  -4.01455  0  37.6059  
6.55  0.0649753  0.583254  0  0.225385  -4.50505  0  37.332  
6.6  0.0762446  0.333477  0  0.225385  -4.99555  0  36.7641  
6.65  0.0875138  0.0591742  0  0.225385  -5.48605  0  35.8724  
6.7  0.0987831  0.135659  0  0.225385  1.5297  0  34.1414  
6.75  0.110052  0.399669  0  0.225385  5.2802  0  33.1907  
6.8  0.121322  0.639154  0  0.225385  4.7897  0  32.8692  
6.85  0.132591  0.854114  0  0.225385  4.2992  0  32.8146  
6.9  0.14386  1.04455  0  0.225385  3.8087  0  32.9972  
6.95  0.155129  1.21046  0  0.225385  3.3182  0  33.3875  
7  0.166399  1.35184  0  0.225385  2.8277  0  33.9559  
7.05  0.177668  1.4687  0  0.225385  2.3372  0  34.6727  
7.1  0.188937  1.56104  0  0.225385  1.8467  0  35.5083  
7.15  0.200206  1.62885  0  0.225385  1.3562  0  36.4332  
7.2  0.211476  1.67213  0  0.225385  0.865697  0  37.4178  
7.25  0.222745  1.69089  0  0.225385  0.375197  0  38.4324  
7.3  0.234014  1.68513  0  0.225385  -0.115303  0  39.4474  
7.35  0.245284  1.65484  0  0.225385  -0.605803  0  40.4333  
7.4  0.256553  1.60002  0  0.225385  -1.0963  0  41.3604  
7.45  0.267822  1.52068  0  0.225385  -1.5868  0  42.1992  
7.5  0.279091  1.41682  0  0.225385  -2.0773  0  42.92  
7.55  0.290361  1.28843  0  0.225385  -2.5678  0  43.4932  
7.6  0.30163  1.13551  0  0.225385  -3.0583  0  43.8892  
7.65  0.312899  0.958071  0  0.225385  -3.5488  0  44.0785  
7.7  0.324168  0.756106  0  0.225385  -4.0393  0  44.0313  
7.75  0.335438  0.529616  0  0.225385  -4.5298  0  43.7182  
7.8  0.346707  0.278601  0  0.225385  -5.0203  0  43.1095  
7.85  0.357976  0.00306084  0  0.225385  -5.5108  0  42.1757  
7.9  0.369245  0.198086  0  0.225385  3.90051  0  39.477  
7.95  0.380515  0.447382  0  0.225385  4.98591  0  38.4754  
8  0.391784  0.672152  0  0.225385  4.49541  0  38.2579  
8.05  0.403053  0.872397  0  0.225385  4.00491  0  38.2895  
8.1  0.414322  1.04812  0  0.225385  3.51441  0  38.5405  
8.15  0.425592  1.19931  0  0.225385  3.02391  0  38.9815  
8.2  0.436861  1.32598  0  0.225385  2.53341  0  39.5828  
8.25  0.44813  1.42813  0  0.225385  2.04291  0  40.3148  
8.3  0.4594  1.50575  0  0.225385  1.55241  0  41.1478  
8.35  0.470669  1.55884  0  0.225385  1.06191  0  42.0524  
8.4  0.481938  1.58741  0  0.225385  0.571406  0  42.9988  
8.45  0.493207  1.59146  0  0.225385  0.0809061  0  43.9575  
8.5  0.504477  1.57098  0  0.225385  -0.409594  0  44.8989  
8.55  0.515746  1.52598  0  0.225385  -0.900094  0  45.7934  
8.6  0.527015  1.45645  0  0.225385  -1.39059  0  46.6113  
8.65  0.538284  1.36239  0  0.225385  -1.88109  0  47.3232  
8.7  0.549554  1.24381  0  0.225385  -2.37159  0  47.8993  
8.75  0.560823  1.10071  0  0.225385  -2.86209  0  48.31  
8.8  0.572092  0.933077  0  0.225385  -3.35259  0  48.5258  
8.85  0.583361  0.740922  0  0.225385  -3.84309  0  48.5171  
8.9  0.594631  0.524242  0  0.225385  -4.33359  0  48.2543  
8.95  0.6059  0.283038  0  0.225385  -4.82409  0  47.7077  
9  0.617169  0.0173081  0  0.225385  -5.31459  0  46.8477  
9.05  0.628438  0.191732  0  0.225385  3.48849  0  44.4725  
9.1  0.639708  0.43399  0  0.225385  4.84514  0  43.5857  
9.15  0.650977  0.651722  0  0.225385  4.35464  0  43.3941  
9.2  0.662246  0.844929  0  0.225385  3.86414  0  43.4432  
9.25  0.673516  1.01361  0  0.225385  3.37364  0  43.7033  
9.3  0.666608  1.15777  0  -0.138154  2.88314  0  44.1438  
9.35  0.656268  1.2774  0  -0.206794  2.39264  0  44.7373  
9.4  0.645928  1.37251  0  -0.206794  1.90214  0  45.453  
9.45  0.635589  1.44309  0  -0.206794  1.41164  0  46.2613  
9.5  0.625249  1.48915  0  -0.206794  0.921144  0  47.1326  
9.55  0.614909  1.51068  0  -0.206794  0.430644  0  48.0373  
9.6  0.60457  1.50769  0  -0.206794  -0.0598563  0  48.9458  
9.65  0.59423  1.48017  0  -0.206794  -0.550356  0  49.8285  
9.7  0.58389  1.42813  0  -0.206794  -1.04086  0  50.6558  
9.75  0.573551  1.35156  0  -0.206794  -1.53136  0  51.398  
9.8  0.563211  1.25047  0  -0.206794  -2.02186  0  52.0257  
9.85  0.552871  1.12485  0  -0.206794  -2.51236  0  52.5091  
9.9  0.542532  0.974705  0  -0.206794  -3.00286  0  52.8186  
9.95  0.532192  0.800037  0  -0.206794  -3.49336  0  52.9248  
10  0.521852  0.600844  0  -0.206794  -3.98386  0  52.7979  
10.05  0.511513  0.377126  0  -0.206794  -4.47436  0  52.4083  
10.1  0.501173  0.128883  0  -0.206794  -4.96486  0  51.7266  
10.15  0.490833  0.0826292  0  -0.206794  -0.925081  0  50.6935  
10.2  0.480493  0.337096  0  -0.206794  5.08935  0  49.4614  
10.25  0.470154  0.567039  0  -0.206794  4.59885  0  49.1518  
10.3  0.459814  0.772456  0  -0.206794  4.10835  0  49.0975  
10.35  0.449474  0.953348  0  -0.206794  3.61785  0  49.2689  
10.4  0.439135  1.10972  0  -0.206794  3.12735  0  49.6365  
10.45  0.428795  1.24156  0  -0.206794  2.63685  0  50.1706  
10.5  0.418455  1.34888  0  -0.206794  2.14635  0  50.8416  
10.55  0.408116  1.43167  0  -0.206794  1.65585  0  51.62  
10.6  0.397776  1.48993  0  -0.206794  1.16535  0  52.4762  
10.65  0.387436  1.52368  0  -0.206794  0.674846  0  53.3804  
10.7  0.377097  1.53289  0  -0.206794  0.184346  0  54.3032  
10.75  0.366757  1.51759  0  -0.206794  -0.306154  0  55.2149  
10.8  0.356417  1.47775  0  -0.206794  -0.796654  0  56.0859  
10.85  0.346078  1.4134  0  -0.206794  -1.28715  0  56.8866  
10.9  0.335738  1.32451  0  -0.206794  -1.77765  0  57.5875  
10.95  0.325398  1.21111  0  -0.206794  -2.26815  0  58.1589  
11  0.315059  1.07317  0  -0.206794  -2.75865  0  58.5711  
11.05  0.304719  0.910715  0  -0.206794  -3.24915  0  58.7947  
11.1  0.294379  0.723733  0  -0.206794  -3.73965  0  58.8  
11.15  0.284039  0.512225  0  -0.206794  -4.23015  0  58.5574  
11.2  0.2737  0.276192  0  -0.206794  -4.72065  0  58.0373  
11.25  0.26336  0.0156344  0  -0.206794  -5.21115  0  57.2101  
11.3  0.25302  0.198803  0  -0.206794  3.66338  0  54.8154  
11.35  0.242681  0.434712  0  -0.206794  4.71817  0  53.9431  
11.4  0.232341  0.646095  0  -0.206794  4.22767  0  53.7819  
11.45  0.222001  0.832954  0  -0.206794  3.73717  0  53.8537  
11.5  0.211662  0.995287  0  -0.206794  3.24667  0  54.1288  
11.55  0.201322  1.1331  0  -0.206794  2.75617  0  54.5777  
11.6  0.190982  1.24638  0  -0.206794  2.26567  0  55.1707  
11.65  0.180643  1.33514  0  -0.206794  1.77517  0  55.8782  
11.7  0.170303  1.39937  0  -0.206794  1.28467  0  56.6707  
11.75  0.159963  1.43908  0  -0.206794  0.794169  0  57.5185  
11.8  0.149624  1.45426  0  -0.206794  0.303669  0  58.392  
11.85  0.139284  1.44492  0  -0.206794  -0.186831  0  59.2617  
11.9  0.128944  1.41105  0  -0.206794  -0.677331  0  60.0979  
11.95  0.118604  1.35266  0  -0.206794  -1.16783  0  60.871  
12  0.108265  1.26975  0  -0.206794  -1.65833  0  61.5514  
12.05  0.0979251  1.1623  0  -0.206794  -2.14883  0  62.1095  
12.1  0.0875854  1.03034  0  -0.206794  -2.63933  0  62.5157  
12.15  0.0772457  0.873847  0  -0.206794  -3.12983  0  62.7405  
12.2  0.066906  0.69283  0  -0.206794  -3.62033  0  62.7541  
12.25  0.0565664  0.487289  0  -0.206794  -4.11083  0  62.5271  
12.3  0.0462267  0.257222  0  -0.206794  -4.60133  0  62.0297  
12.35  0.035887  0.00263055  0  -0.206794  -5.09183  0  61.2325  
12.4  0.0255473  0.219523  0  -0.206794  4.33785  0  58.5679  
12.45  0.0152076  0.444927  0  -0.206794  4.50808  0  57.6235  
12.5  0.00486793  0.645806  0  -0.206794  4.01758  0  57.5154  
12.55  -0.00547175  0.82216  0  -0.206794  3.52708  0  57.6276  
12.6  -0.0158114  0.973989  0  -0.206794  3.03658  0  57.9305  
12.65  -0.024419  1.10129  0  -0.172152  2.54608  0  58.3948  
12.7  -0.012921  1.20407  0  0.22996  2.05558  0  58.9876  
12.75  -0.001423  1.28233  0  0.22996  1.56508  0  59.6845  
12.8  0.010075  1.33606  0  0.22996  1.07458  0  60.4537  
12.85  0.021573  1.36526  0  0.22996  0.58408  0  61.2656  
12.9  0.0330711  1.36994  0  0.22996  0.0935805  0  62.0905  
12.95  0.0445691  1.35009  0  0.22996  -0.39692  0  62.8988  
13  0.0560671  1.30572  0  0.22996  -0.88742  0  63.661  
13.05  0.0675651  1.23683  0  0.22996  -1.37792  0  64.3474  
13.1  0.0790632  1.1434  0  0.22996  -1.86842  0  64.9285  
13.15  0.0905612  1.02546  0  0.22996  -2.35892  0  65.3746  
13.2  0.102059  0.882988  0  0.22996  -2.84942  0  65.6561  
13.25  0.113557  0.715992  0  0.22996  -3.33992  0  65.7434  
13.3  0.125055  0.524471  0  0.22996  -3.83042  0  65.607  
13.35  0.136553  0.308425  0  0.22996  -4.32092  0  65.2172  
13.4  0.148051  0.0678536  0  0.22996  -4.81142  0  64.5444  
13.45  0.159549  0.159544  0  0.22996  1.8338  0  63.0882  
13.5  0.171047  0.387776  0  0.22996  4.56464  0  62.425  
13.55  0.182545  0.591483  0  0.22996  4.07414  0  62.2698  
13.6  0.194043  0.770665  0  0.22996  3.58364  0  62.3382  
13.65  0.205541  0.925322  0  0.22996  3.09314  0  62.6008  
13.7  0.217039  1.05545  0  0.22996  2.60264  0  63.0278  
13.75  0.228537  1.16106  0  0.22996  2.11214  0  63.5896  
13.8  0.240035  1.24214  0  0.22996  1.62164  0  64.2568  
13.85  0.251534  1.2987  0  0.22996  1.13114  0  64.9996  
13.9  0.263032  1.33073  0  0.22996  0.640643  0  65.7885  
13.95  0.27453  1.33824  0  0.22996  0.150143  0  66.5938  
14  0.286028  1.32122  0  0.22996  -0.340357  0  67.386  
14.05  0.297526  1.27968  0  0.22996  -0.830857  0  68.1355  
14.1  0.309024  1.21361  0  0.22996  -1.32136  0  68.8126  
14.15  0.320522  1.12302  0  0.22996  -1.81186  0  69.3877  
14.2  0.33202  1.0079  0  0.22996  -2.30236  0  69.8313  
14.25  0.343518  0.868258  0  0.22996  -2.79286  0  70.1138  
14.3  0.355016  0.70409  0  0.22996  -3.28336  0  70.2055  
14.35  0.366514  0.515397  0  0.22996  -3.77386  0  70.0768  
14.4  0.378012  0.302179  0  0.22996  -4.26436  0  69.6982  
14.45  0.38951  0.0644364  0  0.22996  -4.75486  0  69.04  
14.5  0.401008  0.166249  0  0.22996  2.03625  0  67.55  
14.55  0.412506  0.390291  0  0.22996  4.48084  0  66.913  
14.6  0.424004  0.589807  0  0.22996  3.99034  0  66.7775  
14.65  0.435502  0.764799  0  0.22996  3.49984  0  66.8607  
14.7  0.447  0.915266  0  0.22996  3.00934  0  67.1329  
14.75  0.458498  1.04121  0  0.22996  2.51884  0  67.5645  
14.8  0.469996  1.14262  0  0.22996  2.02834  0  68.1259  
14.85  0.481494  1.21952  0  0.22996  1.53784  0  68.7875  
14.9  0.492992  1.27188  0  0.22996  1.04734  0  69.5198  
14.95  0.50449  1.29973  0  0.22996  0.556837  0  70.293  
15  0.515988  1.30304  0  0.22996  0.0663368  0  71.0777  
15.05  0.527486  1.28183  0  0.22996  -0.424163  0  71.8441  
15.1  0.538984  1.2361  0  0.22996  -0.914663  0  72.5628  
15.15  0.550482  1.16584  0  0.22996  -1.40516  0  73.204  
15.2  0.56198  1.07106  0  0.22996  -1.89566  0  73.7383  
15.25  0.573478  0.951751  0  0.22996  -2.38616  0  74.1359  
15.3  0.584976  0.807918  0  0.22996  -2.87666  0  74.3673  
15.35  0.596474  0.63956  0  0.22996  -3.36716  0  74.403  
15.4  0.607972  0.446677  0  0.22996  -3.85766  0  74.2131  
15.45  0.61947  0.229269  0  0.22996  -4.34816  0  73.7683  
15.5  0.630968  -0.000430544  0  0.22996  -4.59398  0  72.5332  
15.55  0.642466  0.247889  0  0.22996  4.96638  0  69.8158  
15.6  0.653964  0.471683  0  0.22996  4.47588  0  69.4826  
15.65  0.665462  0.670952  0  0.22996  3.98538  0  69.3974  
15.7  0.675973  0.845696  0  0.210222  3.49488  0  69.5307  
15.75  0.663061  0.995915  0  -0.25825  3.00438  0  69.8489  
15.8  0.650148  1.12161  0  -0.25825  2.51388  0  70.3294  
15.85  0.637236  1.22278  0  -0.25825  2.02338  0  70.9393  
15.9  0.624323  1.29942  0  -0.25825  1.53288  0  71.6492  
15.95  0.611411  1.35154  0  -0.25825  1.04238  0  72.4295  
16  0.598498  1.37914  0  -0.25825  0.551882  0  73.2504  
16.05  0.585586  1.3822  0  -0.25825  0.0613818  0  74.0824  
16.1  0.572673  1.36075  0  -0.25825  -0.429118  0  74.8959  
16.15  0.559761  1.31477  0  -0.25825  -0.919618  0  75.6614  
16.2  0.546848  1.24426  0  -0.25825  -1.41012  0  76.3491  
16.25  0.533936  1.14923  0  -0.25825  -1.90062  0  76.9295  
16.3  0.521023  1.02967  0  -0.25825  -2.39112  0  77.373  
16.35  0.508111  0.885594  0  -0.25825  -2.88162  0  77.65  
16.4  0.495198  0.716988  0  -0.25825  -3.37212  0  77.7309  
16.45  0.482286  0.523857  0  -0.25825  -3.86262  0  77.586  
16.5  0.469373  0.306201  0  -0.25825  -4.35312  0  77.1859  
16.55  0.456461  0.0640204  0  -0.25825  -4.84362  0  76.5008  
16.6  0.443548  0.162283  0  -0.25825  1.96525  0  74.9864  
16.65  0.430636  0.39124  0  -0.25825  4.57915  0  74.3157  
16.7  0.417723  0.595673  0  -0.25825  4.08865  0  74.1589  
16.75  0.404811  0.775581  0  -0.25825  3.59815  0  74.2267  
16.8  0.391898  0.930963  0  -0.25825  3.10765  0  74.4894  
16.85  0.378986  1.06182  0  -0.25825  2.61715  0  74.9175  
16.9  0.366073  1.16815  0  -0.25825  2.12665  0  75.4814  
16.95  0.35316  1.24996  0  -0.25825  1.63615  0  76.1514  
17  0.340248  1.30724  0  -0.25825  1.14565  0  76.8979  
17.05  0.327335  1.34  0  -0.25825  0.655152  0  77.6913  
17.1  0.314423  1.34823  0  -0.25825  0.164652  0  78.5021  
17.15  0.30151  1.33194  0  -0.25825  -0.325848  0  79.3007  
17.2  0.288598  1.29112  0  -0.25825  -0.816348  0  80.0574  
17.25  0.275685  1.22578  0  -0.25825  -1.30685  0  80.7426  
17.3  0.262773  1.13591  0  -0.25825  -1.79735  0  81.3267  
17.35  0.24986  1.02152  0  -0.25825  -2.28785  0  81.7801  
17.4  0.236948  0.882605  0  -0.25825  -2.77835  0  82.0733  
17.45  0.224035  0.719162  0  -0.25825  -3.26885  0  82.1766  
17.5  0.211123  0.531195  0  -0.25825  -3.75935  0  82.0604  
17.55  0.19821  0.318702  0  -0.25825  -4.24985  0  81.6951  
17.6  0.185298  0.0816851  0  -0.25825  -4.74035  0  81.0512  
17.65  0.172385  0.147404  0  -0.25825  1.31439  0  79.7743  
17.7  0.159473  0.375578  0  -0.25825  4.56347  0  79.1016  
17.75  0.14656  0.579226  0  -0.25825  4.07297  0  78.9388  
17.8  0.133648  0.75835  0  -0.25825  3.58247  0  78.9997  
17.85  0.120735  0.912948  0  -0.25825  3.09197  0  79.2545  
17.9  0.107823  1.04302  0  -0.25825  2.60147  0  79.6738  
17.95  0.0949101  1.14857  0  -0.25825  2.11097  0  80.2279  
18  0.0819976  1.22959  0  -0.25825  1.62047  0  80.8871  
18.05  0.0690851  1.28609  0  -0.25825  1.12997  0  81.622  
18.1  0.0561725  1.31807  0  -0.25825  0.639469  0  82.4028  
18.15  0.04326  1.32551  0  -0.25825  0.148969  0  83.2001  
18.2  0.0303475  1.30844  0  -0.25825  -0.341531  0  83.9841  
18.25  0.017435  1.26684  0  -0.25825  -0.832031  0  84.7253  
18.3  0.00452246  1.20071  0  -0.25825  -1.32253  0  85.3941  
18.35  -0.00839006  1.11006  0  -0.25825  -1.81303  0  85.9609  
18.4  -0.0213026  0.994881  0  -0.25825  -2.30353  0  86.3961  
18.45  -0.0207618  0.855179  0  0.0108155  -2.79403  0  86.671  
18.5  -0.00792205  0.690953  0  0.256795  -3.28453  0  86.7533  
18.55  0.00491769  0.502201  0  0.256795  -3.77503  0  86.616  
18.6  0.0177574  0.288925  0  0.256795  -4.26553  0  86.2286  
18.65  0.0305972  0.0511232  0  0.256795  -4.75603  0  85.5616  
18.7  0.0434369  0.181295  0  0.256795  2.60343  0  83.8747  
18.75  0.0562767  0.401579  0  0.256795  4.40568  0  83.2317  
18.8  0.0691164  0.597338  0  0.256795  3.91518  0  83.1187  
18.85  0.0819562  0.768572  0  0.256795  3.42468  0  83.2197  
18.9  0.0947959  0.915282  0  0.256795  2.93418  0  83.5052  
18.95  0.107636  1.03747  0  0.256795  2.44368  0  83.9457  
19  0.120475  1.13512  0  0.256795  1.95318  0  84.5114  
19.05  0.133315  1.20826  0  0.256795  1.46268  0  85.1727  
19.1  0.146155  1.25687  0  0.256795  0.972184  0  85.9002  
19.15  0.158995  1.28095  0  0.256795  0.481684  0  86.6641  
19.2  0.171834  1.28051  0  0.256795  -0.00881594  0  87.4349  
19.25  0.184674  1.25555  0  0.256795  -0.499316  0  88.1829  
19.3  0.197514  1.20606  0  0.256795  -0.989816  0  88.8787  
19.35  0.210354  1.13204  0  0.256795  -1.48032  0  89.4924  
19.4  0.223193  1.0335  0  0.256795  -1.97082  0  89.9947  
19.45  0.236033  0.910433  0  0.256795  -2.46132  0  90.3558  
19.5  0.248873  0.762842  0  0.256795  -2.95182  0  90.5461  
19.55  0.261713  0.590726  0  0.256795  -3.44232  0  90.5361  
19.6  0.274552  0.394085  0  0.256795  -3.93282  0  90.2961  
19.65  0.287392  0.17292  0  0.256795  -4.42332  0  89.7966  
19.7  0.300232  0.0597439  0  0.256795  -2.26351  0  88.9679  
19.75  0.313072  0.29614  0  0.256795  4.72792  0  87.4907  
19.8  0.325911  0.508011  0  0.256795  4.23742  0  87.2429  
19.85  0.338751  0.695357  0  0.256795  3.74692  0  87.2287  
19.9  0.351591  0.858178  0  0.256795  3.25642  0  87.4184  
19.95  0.364431  0.996474  0  0.256795  2.76592  0  87.7824  
